0 1
0 2
0 3
1 2
1 4
2 4
2 6
2 9
2 10
2 11
2 12
2 13
2 14
2 15
3 1
3 2
3 4
4 2
4 5
4 11
4 12
4 13
4 16
5 7
5 12
5 14
5 16
6 7
6 11
6 20
6 24
6 25
7 8
7 11
7 13
7 19
7 26
8 9
8 22
9 17
9 18
9 22
10 7
10 13
10 14
10 20
10 25
11 7
11 8
11 17
11 18
11 19
11 22
11 23
11 26
12 6
12 9
12 10
12 13
12 14
12 16
13 6
13 9
13 11
13 14
13 18
13 19
13 21
13 24
13 25
14 11
14 17
14 18
14 21
14 25
15 10
15 11
15 14
16 6
16 7
16 13
17 1
17 2
17 3
18 1
18 2
18 4
19 0
19 1
19 3
19 4
20 5
20 12
21 5
22 0
22 1
22 3
23 1
24 4
24 16
25 4
25 5
26 2
26 3
